(-10;6)
(-10;7)
(-9;7)
(-9;5)
(-12;5)
(-12;9)
(-7;9)
(-7;3)
(-14;3)
(-14;11)
(-5;11)
(-5;4)
*
(-10;6)
(-11;6)
(-11;8)
(-8;8)
(-8;4)
(-13;4)
(-13;10)
(-6;10)
(-6;2)
(-15;2)
(-15;12)
(-4;12)
(-4;4)
*
(-7;2)
(-6;2)
(-6;3)
(-5;3)
(-5;4)
(-3;4)
(0;6)
(1;6)
(1;3)
(0;2)
(-1;2)
(-3;0)
(-7;0)
(-7;2)
*
(0;6)
(2;8)
*
(0;6)
(3;7.5)
*
(1;6)
(2;6.5)
*
(1;6)
(2;6)
*
(13;0)
(13;6)
(14;6)
(14;0)
*
(13;1)
(12;1)
(12;2)
(11;2)
(11;3)
(10;3)
(10;4)
(11;4)
(11;5)
(12;5)
(12;3)
(13;3)
*
(14;4)
(16;4)
(16;5)
(17;5)
(17;6)
(18;6)
(18;8)
(17;8)
(17;7)
(16;7)
(16;6)
(15;6)
(15;5)
(14;5)
*
